% Version 1.00
%
%freq[Hz] re:Trc2_S11 im:Trc2_S11 
1.000000000000000E+005,9.963042452079657E-001,-8.399198914276335E-003,
9.099800000000000E+006,8.741517160478781E-001,-4.710493851461593E-001,
1.809960000000000E+007,5.506710247135472E-001,-8.294315602821680E-001,
2.709940000000000E+007,9.808818276036513E-002,-9.863821116314440E-001,
3.609920000000000E+007,-3.747255866219915E-001,-9.099941165778873E-001,
4.509900000000000E+007,-7.549584334621406E-001,-6.241768164529533E-001,
5.409880000000000E+007,-9.568491940139298E-001,-1.944055138571430E-001,
6.309860000000000E+007,-9.317083731785408E-001,2.790038095677795E-001,
7.209840000000000E+007,-6.884536439646657E-001,6.819834778964998E-001,
8.109820000000000E+007,-2.862427488661735E-001,9.236632637654129E-001,
9.009800000000000E+007,1.810596654933875E-001,9.492121480812724E-001,
9.909780000000000E+007,6.051333665615409E-001,7.535105042711400E-001,
1.080976000000000E+008,8.886306060710372E-001,3.825156336734429E-001,
1.170974000000000E+008,9.647833217789686E-001,-7.758453556228233E-002,
1.260972000000000E+008,8.177527765003779E-001,-5.196953201709085E-001,
1.350970000000000E+008,4.800703917464554E-001,-8.416633727380672E-001,
1.440968000000000E+008,3.170875717829635E-002,-9.678118678991863E-001,
1.530966000000000E+008,-4.239217422581442E-001,-8.694504560161944E-001,
1.620964000000000E+008,-7.799251099748071E-001,-5.686261331100099E-001,
1.710962000000000E+008,-9.524293372632735E-001,-1.367036802183951E-001,
1.800960000000000E+008,-9.034188714943408E-001,3.250585140462143E-001,
1.890958000000000E+008,-6.427801348539599E-001,7.096289185152382E-001,
1.980956000000000E+008,-2.333498757188746E-001,9.277497495271275E-001,
2.070954000000000E+008,2.299685020981296E-001,9.276301468957218E-001,
2.160952000000000E+008,6.387500308417592E-001,7.113288894391003E-001,
2.250950000000000E+008,8.982247025903434E-001,3.295528576842852E-001,
2.340948000000000E+008,9.490167435218675E-001,-1.278288513640241E-001,
2.430946000000000E+008,7.813057717786155E-001,-5.562734502545162E-001,
2.520944000000000E+008,4.319646780045287E-001,-8.571346432789276E-001,
2.610942000000000E+008,-1.713533317302550E-002,-9.589754255799633E-001,
2.700940000000000E+008,-4.619209316809777E-001,-8.396743837237303E-001,
2.790938000000000E+008,-7.988460130072992E-001,-5.249867659943824E-001,
2.880936000000000E+008,-9.490205726480184E-001,-9.036190120381109E-002,
2.970934000000000E+008,-8.781478395349361E-001,3.640855329468711E-001,
3.060932000000000E+008,-6.022329423597368E-001,7.322383402580235E-001,
3.150930000000000E+008,-1.884714243914231E-001,9.274953344929088E-001,
3.240928000000000E+008,2.680928563004007E-001,9.074983510707816E-001,
3.330926000000000E+008,6.615649361984068E-001,6.770204797257742E-001,
3.420924000000000E+008,9.025335830718784E-001,2.905197602812296E-001,
3.510922000000000E+008,9.357043780620089E-001,-1.636136097348160E-001,
3.600920000000000E+008,7.535880435828426E-001,-5.812250167381169E-001,
3.690918000000000E+008,3.974890495306124E-001,-8.648885145321147E-001,
3.780916000000000E+008,-5.066092935840250E-002,-9.501244723338934E-001,
3.870914000000000E+008,-4.869472381321048E-001,-8.157743027311515E-001,
3.960912000000000E+008,-8.092016817944555E-001,-4.920452268947493E-001,
4.050910000000000E+008,-9.418575584527038E-001,-5.505381044624017E-002,
4.140908000000000E+008,-8.552093265149039E-001,3.919527824067406E-001,
4.230906000000000E+008,-5.691061468018931E-001,7.463941770106372E-001,
4.320904000000000E+008,-1.515285813409985E-001,9.248664246551422E-001,
4.410902000000000E+008,2.996542363833952E-001,8.883540652026309E-001,
4.500900000000000E+008,6.819327787052691E-001,6.457037080395163E-001,
4.590898000000000E+008,9.063036577270507E-001,2.544680095010614E-001,
4.680896000000000E+008,9.228030826436481E-001,-1.956541316612889E-001,
4.770894000000000E+008,7.279274319992722E-001,-6.027981046140521E-001,
4.860892000000000E+008,3.664226631876232E-001,-8.718074571049432E-001,
4.950890000000000E+008,-8.068576900622931E-002,-9.412101179684063E-001,
5.040888000000000E+008,-5.087347555425793E-001,-7.933394005365837E-001,
5.130886000000000E+008,-8.176390384310251E-001,-4.623313795262057E-001,
5.220884000000000E+008,-9.348779106211461E-001,-2.462085546359914E-002,
5.310882000000000E+008,-8.339515853109567E-001,4.154478837826864E-001,
5.400880000000000E+008,-5.400769767029398E-001,7.569159239529782E-001,
5.490878000000000E+008,-1.211827059167877E-001,9.208871702245369E-001,
5.580876000000000E+008,3.235179616624624E-001,8.710715968841970E-001,
5.670874000000000E+008,6.948012237379934E-001,6.220033691304294E-001,
5.760872000000000E+008,9.072570945523609E-001,2.286734220996261E-001,
5.850870000000000E+008,9.126264359311145E-001,-2.179386274928213E-001,
5.940868000000000E+008,7.104275481481045E-001,-6.165044029145976E-001,
6.030866000000000E+008,3.451397127665246E-001,-8.754705744818420E-001,
6.120864000000000E+008,-9.923169692494793E-002,-9.339422968195390E-001,
6.210862000000000E+008,-5.202047720148759E-001,-7.776366770078513E-001,
6.300860000000000E+008,-8.191667324369611E-001,-4.433075699856682E-001,
6.390858000000000E+008,-9.268240184754349E-001,-7.506549741967061E-003,
6.480856000000000E+008,-8.181179695898398E-001,4.274921041092314E-001,
6.570854000000000E+008,-5.195321729127385E-001,7.600075967979356E-001,
6.660852000000000E+008,-1.019658417808509E-001,9.148093349567258E-001,
6.750850000000000E+008,3.377144013961604E-001,8.577743437171495E-001,
6.840848000000000E+008,6.997590428050204E-001,6.044324308144379E-001,
6.930846000000000E+008,9.034332677181376E-001,2.129426868903678E-001,
7.020844000000000E+008,9.032013054997645E-001,-2.272413141877662E-001,
7.110842000000000E+008,7.004187687147779E-001,-6.184518355971276E-001,
7.200840000000000E+008,3.384435395088951E-001,-8.710579932459512E-001,
7.290838000000000E+008,-9.982368879231605E-002,-9.283735315960976E-001,
7.380836000000000E+008,-5.163181479155292E-001,-7.737083278946664E-001,
7.470834000000000E+008,-8.130185877804605E-001,-4.428582639593013E-001,
7.560832000000000E+008,-9.206782936191434E-001,-1.017930363346592E-002,
7.650830000000000E+008,-8.135261465968997E-001,4.227472361609740E-001,
7.740828000000000E+008,-5.162792024040127E-001,7.541011576700606E-001,
7.830826000000000E+008,-9.965013600136148E-002,9.079415397716022E-001,
7.920824000000000E+008,3.390882654320331E-001,8.497003069216417E-001,
8.010822000000000E+008,6.986306745744201E-001,5.957281467044687E-001,
8.100820000000000E+008,8.990394966771985E-001,2.063909793741769E-001,
8.190818000000000E+008,8.965916922169603E-001,-2.308456526289240E-001,
8.280816000000000E+008,6.931110367121128E-001,-6.166152873176944E-001,
8.370814000000000E+008,3.358680384228248E-001,-8.656617109216237E-001,
8.460812000000000E+008,-9.650084758938603E-002,-9.210809522934328E-001,
8.550810000000000E+008,-5.067442019419949E-001,-7.716094669075303E-001,
8.640808000000000E+008,-8.020281782638223E-001,-4.481325790078286E-001,
8.730806000000000E+008,-9.135959038703561E-001,-2.289700770608329E-002,
8.820804000000000E+008,-8.136963290830782E-001,4.068704208933712E-001,
8.910802000000000E+008,-5.245922438669847E-001,7.401509342919450E-001,
9.000800000000000E+008,-1.137364924208993E-001,8.999911056856672E-001,
9.090798000000000E+008,3.236751844347351E-001,8.491923176761880E-001,
9.180796000000000E+008,6.850608377448488E-001,6.018619095453655E-001,
9.270794000000000E+008,8.899195715054155E-001,2.171432134334884E-001,
9.360792000000000E+008,8.938270959927971E-001,-2.173432868313789E-001,
9.450790000000000E+008,6.973507036015562E-001,-6.039904229757659E-001,
9.540788000000000E+008,3.463187158454163E-001,-8.559454866941689E-001,
9.630786000000000E+008,-8.049618310808338E-002,-9.192224029481728E-001,
9.720784000000000E+008,-4.898567832418500E-001,-7.781489161637754E-001,
9.810782000000000E+008,-7.884721673213515E-001,-4.634130247986802E-001,
9.900780000000000E+008,-9.085302389387514E-001,-4.704895182846968E-002,
9.990778000000000E+008,-8.214879186816968E-001,3.801546568831367E-001,
1.008077600000000E+009,-5.460495383122141E-001,7.174235095336952E-001,
1.017077400000000E+009,-1.453988965628346E-001,8.897387553896571E-001,
1.026077200000000E+009,2.899088237675349E-001,8.538919263452574E-001,
1.035077000000000E+009,6.588608896894939E-001,6.215675963840367E-001,
1.044076800000000E+009,8.766541276838121E-001,2.445016072419223E-001,
1.053076600000000E+009,8.940624367018549E-001,-1.903662949883822E-001,
1.062076400000000E+009,7.082460831630554E-001,-5.831608297518567E-001,
1.071076200000000E+009,3.621294549276268E-001,-8.444538737268675E-001,
1.080076000000000E+009,-6.470503843213876E-002,-9.158152200275707E-001,
1.089075800000000E+009,-4.756782788846461E-001,-7.817403320835695E-001,
1.098075600000000E+009,-7.782740466992298E-001,-4.738025688987963E-001,
1.107075400000000E+009,-9.039846148348580E-001,-6.117881839600411E-002,
1.116075200000000E+009,-8.253741515517504E-001,3.624610796082634E-001,
1.125075000000000E+009,-5.608825822092145E-001,7.033391271904904E-001,
1.134074800000000E+009,-1.687751990943571E-001,8.811503549611564E-001,
1.143074600000000E+009,2.601093166444305E-001,8.594754520089273E-001,
1.152074400000000E+009,6.313843283292703E-001,6.422875082718332E-001,
1.161074200000000E+009,8.607582294640822E-001,2.776041998042297E-001,
1.170074000000000E+009,8.965485779350988E-001,-1.510839799830753E-001,
1.179073800000000E+009,7.293800441861942E-001,-5.485047003570551E-001,
1.188073600000000E+009,3.969192935803370E-001,-8.234989911500494E-001,
1.197073400000000E+009,-2.425065272348688E-002,-9.138476289741689E-001,
1.206073200000000E+009,-4.393332065918772E-001,-7.983024803026700E-001,
1.215073000000000E+009,-7.529002084883849E-001,-5.049521340119457E-001,
1.224072800000000E+009,-8.957942954661646E-001,-1.012517104921279E-001,
1.233072600000000E+009,-8.366800822932642E-001,3.221607477432288E-001,
1.242072400000000E+009,-5.900624831110684E-001,6.702483579733289E-001,
1.251072200000000E+009,-2.117168894670653E-001,8.650204898784542E-001,
1.260072000000000E+009,2.144422692590834E-001,8.657337113926088E-001,
1.269071800000000E+009,5.934645318354470E-001,6.691564230678000E-001,
1.278071600000000E+009,8.409797823588975E-001,3.188424237163772E-001,
1.287071400000000E+009,8.978724234141896E-001,-1.070663690451920E-001,
1.296071200000000E+009,7.505078915162108E-001,-5.111183804207528E-001,
1.305071000000000E+009,4.323901939533996E-001,-8.006221378623079E-001,
1.314070800000000E+009,1.694210488339089E-002,-9.092550070215538E-001,
1.323070600000000E+009,-4.000184258914654E-001,-8.148673534946473E-001,
1.332070400000000E+009,-7.239986174978190E-001,-5.391630122229875E-001,
1.341070200000000E+009,-8.849462822707189E-001,-1.475820266311905E-001,
1.350070000000000E+009,-8.495588100554554E-001,2.736152308248005E-001,
1.359069800000000E+009,-6.253374397797535E-001,6.307098976362870E-001,
1.368069600000000E+009,-2.616068266905181E-001,8.465883100887867E-001,
1.377069400000000E+009,1.614238287766066E-001,8.723687517203574E-001,
1.386069200000000E+009,5.512903149903369E-001,6.987438541682040E-001,
1.395069000000000E+009,8.170045123745126E-001,3.639465761875736E-001,
1.404068800000000E+009,8.967818844711413E-001,-5.795121952453310E-002,
1.413068600000000E+009,7.704092783842231E-001,-4.693960210749602E-001,
1.422068400000000E+009,4.674434410087062E-001,-7.736352723982066E-001,
1.431068200000000E+009,6.037604014332396E-002,-9.015791273742145E-001,
1.440068000000000E+009,-3.573266883124445E-001,-8.271012033830859E-001,
1.449067800000000E+009,-6.934411773655629E-001,-5.708447807006715E-001,
1.458067600000000E+009,-8.729427548826924E-001,-1.916806501391749E-001,
1.467067400000000E+009,-8.595543592922366E-001,2.261873033207059E-001,
1.476067200000000E+009,-6.583101492367449E-001,5.930363611542630E-001,
1.485067000000000E+009,-3.100173041034250E-001,8.286705505572465E-001,
1.494066800000000E+009,1.094019318069088E-001,8.780764820896186E-001,
1.503066600000000E+009,5.080804274448905E-001,7.269678889256674E-001,
1.512066400000000E+009,7.927515818100179E-001,4.058595869689304E-001,
1.521066200000000E+009,8.934402850899399E-001,-1.303237159893505E-002,
1.530066000000000E+009,7.858698000586900E-001,-4.307311339654920E-001,
1.539065800000000E+009,4.962477660881491E-001,-7.483588787102372E-001,
1.548065600000000E+009,9.432123784520274E-002,-8.933016660150611E-001,
1.557065400000000E+009,-3.253588656037063E-001,-8.357466211238538E-001,
1.566065200000000E+009,-6.690914360955063E-001,-5.947264074346569E-001,
1.575065000000000E+009,-8.630294617184057E-001,-2.255822780960111E-001,
1.584064800000000E+009,-8.685389332777990E-001,1.887508535950579E-001,
1.593064600000000E+009,-6.866235134003494E-001,5.611888203982671E-001,
1.602064400000000E+009,-3.548629684928094E-001,8.113267722222000E-001,
1.611064200000000E+009,5.757939413312103E-002,8.830102567216167E-001,
1.620064000000000E+009,4.603344254043185E-001,7.565106829639364E-001,
1.629063800000000E+009,7.612788255179084E-001,4.551208159692518E-001,
1.638063600000000E+009,8.876507201778001E-001,4.620489301740646E-002,
1.647063400000000E+009,8.076167584795538E-001,-3.760737038595003E-001,
1.656063200000000E+009,5.391529032773014E-001,-7.107379691677338E-001,
1.665063000000000E+009,1.473284477024184E-001,-8.805563905075970E-001,
1.674062800000000E+009,-2.746607385281426E-001,-8.491823411152013E-001,
1.683062600000000E+009,-6.322656831425998E-001,-6.287705716958646E-001,
1.692062400000000E+009,-8.469330733034857E-001,-2.714542487120452E-001,
1.701062200000000E+009,-8.757980350634492E-001,1.413038543374036E-001,
1.710062000000000E+009,-7.160770434213257E-001,5.214256234741003E-001,
1.719061800000000E+009,-3.992616853104734E-001,7.887115746018039E-001,
1.728061600000000E+009,6.161252998557227E-003,8.830562570895761E-001,
1.737061400000000E+009,4.139054839801386E-001,7.799103202862017E-001,
1.746061200000000E+009,7.298330277556624E-001,4.979777904935409E-001,
1.755061000000000E+009,8.793093842050221E-001,9.925228202779773E-002,
1.764060800000000E+009,8.249971541209904E-001,-3.247550214308348E-001,
1.773060600000000E+009,5.780352449292565E-001,-6.737293865152016E-001,
1.782060400000000E+009,1.997948757246677E-001,-8.666402652920735E-001,
1.791060200000000E+009,-2.220558296004382E-001,-8.615304350001507E-001,
1.800060000000000E+009,-5.909165526224264E-001,-6.647569333426230E-001,
1.809059800000000E+009,-8.271821574731385E-001,-3.241723665731827E-001,
1.818059600000000E+009,-8.822381050898732E-001,8.480093688603504E-002,
1.827059400000000E+009,-7.469986325922592E-001,4.727617285805296E-001,
1.836059200000000E+009,-4.499798521447039E-001,7.589884588356362E-001,
1.845059000000000E+009,-5.342831441664269E-002,8.793627336578005E-001,
1.854058800000000E+009,3.586353023446466E-001,8.033595478008578E-001,
1.863058600000000E+009,6.911596349278479E-001,5.434244199664010E-001,
1.872058400000000E+009,8.663476809728310E-001,1.554429805142298E-001,
1.881058200000000E+009,8.390224248096942E-001,-2.715138995621722E-001,
1.890058000000000E+009,6.142420496251686E-001,-6.355027249092777E-001,
1.899057800000000E+009,2.473996114636230E-001,-8.504688202849703E-001,
1.908057600000000E+009,-1.742449808883786E-001,-8.699939884253918E-001,
1.917057400000000E+009,-5.533187817190182E-001,-6.947939061454890E-001,
1.926057200000000E+009,-8.079450598454510E-001,-3.696282211034203E-001,
1.935057000000000E+009,-8.863207366853155E-001,3.327804794322183E-002,
1.944056800000000E+009,-7.746558156384761E-001,4.271059817192500E-001,
1.953056600000000E+009,-4.969099578538055E-001,7.292505685312735E-001,
1.962056400000000E+009,-1.097448095334820E-001,8.730126742197890E-001,
1.971056200000000E+009,3.038518816790353E-001,8.237764375504930E-001,
1.980056000000000E+009,6.521423553284912E-001,5.866101839493000E-001,
1.989055800000000E+009,8.509778718157518E-001,2.108796148686625E-001,
1.998055600000000E+009,8.509457028721310E-001,-2.165413140762387E-001,
2.007055400000000E+009,6.487689800104810E-001,-5.942460415923700E-001,
2.016055200000000E+009,2.958799974465901E-001,-8.311861904075761E-001,
2.025055000000000E+009,-1.240447913444581E-001,-8.765526267459944E-001,
2.034054800000000E+009,-5.119616888057308E-001,-7.236708480388179E-001,
2.043054600000000E+009,-7.841810075301938E-001,-4.142372139807771E-001,
2.052054400000000E+009,-8.863622307436891E-001,-1.819218694323566E-002,
2.061054200000000E+009,-7.983227945346588E-001,3.804248466394538E-001,
2.070054000000000E+009,-5.395407559768870E-001,6.966022674782942E-001,
2.079053800000000E+009,-1.639863519822342E-001,8.626709300863277E-001,
2.088053600000000E+009,2.513882401399814E-001,8.378354883618259E-001,
2.097053400000000E+009,6.122118240224513E-001,6.217929349504677E-001,
2.106053200000000E+009,8.328733338578497E-001,2.583619538593348E-001,
2.115053000000000E+009,8.557043203975007E-001,-1.696461860806659E-001,
2.124052800000000E+009,6.739542550527050E-001,-5.571575949413904E-001,
2.133052600000000E+009,3.325826152256454E-001,-8.118755496769895E-001,
2.142052400000000E+009,-8.314431229838744E-002,-8.762793315214731E-001,
2.151052200000000E+009,-4.765946057799593E-001,-7.437273881045886E-001,
2.160052000000000E+009,-7.605116612776551E-001,-4.509943528402540E-001,
2.169051800000000E+009,-8.816445289830150E-001,-6.490259068998505E-002,
2.178051600000000E+009,-8.181155981157741E-001,3.321192886525466E-001,
2.187051400000000E+009,-5.830321814030255E-001,6.605204883441697E-001,
2.196051200000000E+009,-2.228819855078661E-001,8.476927522564725E-001,
2.205051000000000E+009,1.890946167498761E-001,8.522174228701078E-001,
2.214050800000000E+009,5.613960590078465E-001,6.635312332193832E-001,
2.223050600000000E+009,8.061450091283929E-001,3.184336761380653E-001,
2.232050400000000E+009,8.596523708372741E-001,-1.054679018451723E-001,
2.241050200000000E+009,7.067848305470025E-001,-5.038995592937999E-001,
2.250050000000000E+009,3.842745759895964E-001,-7.815108425741306E-001,
2.259049800000000E+009,-2.563507341052319E-002,-8.745557291451753E-001,
2.268049600000000E+009,-4.260696475175760E-001,-7.682845852046376E-001,
2.277049400000000E+009,-7.294947250578432E-001,-4.946145407653623E-001,
2.286049200000000E+009,-8.745040256907678E-001,-1.177152662747336E-001,
2.295049000000000E+009,-8.355067186566025E-001,2.813757803716972E-001,
2.304048800000000E+009,-6.225204430781118E-001,6.213228949994075E-001,
2.313048600000000E+009,-2.766000598816273E-001,8.301546225776180E-001,
2.322048400000000E+009,1.314626229554695E-001,8.605123231042618E-001,
2.331048200000000E+009,5.131821329936251E-001,6.977462395782381E-001,
2.340048000000000E+009,7.786013274412471E-001,3.716020003639781E-001,
2.349047800000000E+009,8.604211866801206E-001,-4.569687609287823E-002,
2.358047600000000E+009,7.334678830061480E-001,-4.525388440529972E-001,
2.367047400000000E+009,4.307053914811549E-001,-7.498302508892101E-001,
2.376047200000000E+009,2.839363541483035E-002,-8.684617232475544E-001,
2.385047000000000E+009,-3.784062024897016E-001,-7.866669562536210E-001,
2.394046800000000E+009,-6.962907444007238E-001,-5.315556417239692E-001,
2.403046600000000E+009,-8.627204390493473E-001,-1.647822981187495E-001,
2.412046400000000E+009,-8.455473300233758E-001,2.357839096218218E-001,
2.421046200000000E+009,-6.521108592493385E-001,5.849103680434611E-001,
2.430046000000000E+009,-3.194941988976302E-001,8.106985035378965E-001,
2.439045800000000E+009,8.347571593981731E-002,8.618851422327637E-001,
2.448045600000000E+009,4.706171999479115E-001,7.205257158219508E-001,
2.457045400000000E+009,7.520363077706102E-001,4.110870704918628E-001,
2.466045200000000E+009,8.548410362580574E-001,6.120335069472714E-004,
2.475045000000000E+009,7.494463770040264E-001,-4.119401272747059E-001,
2.484044800000000E+009,4.614588242325305E-001,-7.230003317472425E-001,
2.493044600000000E+009,6.612269839123225E-002,-8.593826977439980E-001,
2.502044400000000E+009,-3.415261623500484E-001,-7.971123530101363E-001,
2.511044200000000E+009,-6.693508121177113E-001,-5.567852371546723E-001,
2.520044000000000E+009,-8.496481241396509E-001,-1.994168626415919E-001,
2.529043800000000E+009,-8.512046509665083E-001,1.970251643297189E-001,
2.538043600000000E+009,-6.747855364754907E-001,5.520889552020867E-001,
2.547043400000000E+009,-3.563646400022776E-001,7.913748888027807E-001,
2.556043200000000E+009,4.001880196456354E-002,8.620614694378082E-001,
2.565043000000000E+009,4.309884978356830E-001,7.417799601199610E-001,
2.574042800000000E+009,7.258939953202636E-001,4.492297483740799E-001,
2.583042600000000E+009,8.497370541695011E-001,4.672775004809117E-002,
2.592042400000000E+009,7.669700538975236E-001,-3.690788542071163E-001,
2.601042200000000E+009,4.966356767669043E-001,-6.942689231425474E-001,
2.610042000000000E+009,1.076455085558826E-001,-8.501053449908789E-001,
2.619041800000000E+009,-3.020387986908217E-001,-8.079113358502678E-001,
2.628041600000000E+009,-6.383805790359934E-001,-5.840830106805610E-001,
2.637041400000000E+009,-8.346726308295991E-001,-2.394751878463265E-001,
2.646041200000000E+009,-8.558425089903545E-001,1.526002057095160E-001,
2.655041000000000E+009,-7.013393288732777E-001,5.111885754704042E-001,
2.664040800000000E+009,-4.017869533350526E-001,7.657824356709453E-001,
2.673040600000000E+009,-1.534840775821271E-002,8.603659685655968E-001,
2.682040400000000E+009,3.783857635082844E-001,7.667258895348385E-001,
2.691040200000000E+009,6.909747745958389E-001,4.968027182543210E-001,
2.700040000000000E+009,8.410199477942062E-001,1.048964720224482E-001,
2.709039800000000E+009,7.855185937649075E-001,-3.159865230718654E-001,
2.718039600000000E+009,5.335629334691553E-001,-6.585186585210313E-001,
2.727039400000000E+009,1.523007553993063E-001,-8.375546992065458E-001,
2.736039200000000E+009,-2.621278725896428E-001,-8.142308096613190E-001,
2.745039000000000E+009,-6.104793075376072E-001,-6.051823064239069E-001,
2.754038800000000E+009,-8.205913427607086E-001,-2.654754821864056E-001,
2.763038600000000E+009,-8.547143711592256E-001,1.249303839179404E-001,
2.772038400000000E+009,-7.122863216342349E-001,4.881307901541755E-001,
2.781038200000000E+009,-4.236526298363767E-001,7.495764545019173E-001,
2.790038000000000E+009,-4.515345130480855E-002,8.566362335128996E-001,
2.799037800000000E+009,3.468197931547014E-001,7.795794735800233E-001,
2.808037600000000E+009,6.665425052660217E-001,5.247979019102699E-001,
2.817037400000000E+009,8.325263200589469E-001,1.450555672130873E-001,
2.826037200000000E+009,7.976661269491806E-001,-2.735381457157031E-001,
2.835037000000000E+009,5.650612385598826E-001,-6.250853259719873E-001,
2.844036800000000E+009,1.949269678529544E-001,-8.221187421295333E-001,
2.853036600000000E+009,-2.182335632369868E-001,-8.201745991874315E-001,
2.862036400000000E+009,-5.757894885247771E-001,-6.280541840567707E-001,
2.871036200000000E+009,-8.006884715790603E-001,-3.001527322168977E-001,
2.880036000000000E+009,-8.532646962540437E-001,8.869323843327306E-002,
2.889035800000000E+009,-7.263709409215303E-001,4.562350923093219E-001,
2.898035600000000E+009,-4.506026224977454E-001,7.289035610075912E-001,
2.907035400000000E+009,-7.820338170264329E-002,8.507661415479031E-001,
2.916035200000000E+009,3.142023060787752E-001,7.908881465829890E-001,
2.925035000000000E+009,6.407892594069521E-001,5.527171274331626E-001,
2.934034800000000E+009,8.216830509071842E-001,1.838329363831047E-001,
2.943034600000000E+009,8.069886131295587E-001,-2.318121863100054E-001,
2.952034400000000E+009,5.939017214789486E-001,-5.922399119284165E-001,
2.961034200000000E+009,2.360210602799021E-001,-8.059915088779990E-001,
2.970034000000000E+009,-1.768311184296387E-001,-8.241250448163396E-001,
2.979033800000000E+009,-5.425834990787248E-001,-6.495815400894313E-001,
2.988033600000000E+009,-7.830666568146102E-001,-3.303463705514991E-001,
2.997033400000000E+009,-8.508003994016500E-001,5.658421621225597E-002,
3.006033200000000E+009,-7.394612953715908E-001,4.272037698206396E-001,
3.015033000000000E+009,-4.748782154945871E-001,7.103841433677571E-001,
3.024032800000000E+009,-1.092214228190718E-001,8.446824454551362E-001,
3.033032600000000E+009,2.809845898524505E-001,7.999924437152520E-001,
3.042032400000000E+009,6.137073906253158E-001,5.789462569418090E-001,
3.051032200000000E+009,8.090637096016583E-001,2.236365202927485E-001,
3.060032000000000E+009,8.156368402097080E-001,-1.873986972706093E-001,
3.069031800000000E+009,6.246682363357702E-001,-5.552771241634310E-001,
3.078031600000000E+009,2.806400886873603E-001,-7.876299010810630E-001,
3.087031400000000E+009,-1.287769182435258E-001,-8.285241678668162E-001,
3.096031200000000E+009,-5.052037831179357E-001,-6.731556061492936E-001,
3.105031000000000E+009,-7.619576111347176E-001,-3.665778232773075E-001,
3.114030800000000E+009,-8.479754505752012E-001,1.748540891885129E-002,
3.123030600000000E+009,-7.526872309252050E-001,3.946382008640151E-001,
3.132030400000000E+009,-4.996979531543791E-001,6.878007930581193E-001,
3.141030200000000E+009,-1.421021840927747E-001,8.357803953586200E-001,
3.150030000000000E+009,2.478674729993803E-001,8.096565569027152E-001,
3.159029800000000E+009,5.870989661000856E-001,6.044536363973215E-001,
3.168029600000000E+009,7.981489458643100E-001,2.610782222264922E-001,
3.177029400000000E+009,8.246045768442216E-001,-1.456547633755095E-001,
3.186029200000000E+009,6.530114963978273E-001,-5.209743349711263E-001,
3.195029000000000E+009,3.230225361461791E-001,-7.701049019925150E-001,
3.204028800000000E+009,-8.419208004328538E-002,-8.317654606044187E-001,
3.213028600000000E+009,-4.677886286335217E-001,-6.959279560779131E-001,
3.222028400000000E+009,-7.395980342696282E-001,-4.009448827950515E-001,
3.231028200000000E+009,-8.437883477019529E-001,-1.895934392821504E-002,
3.240028000000000E+009,-7.639928935358168E-001,3.629316589737098E-001,
3.249027800000000E+009,-5.221469912325907E-001,6.661363137076247E-001,
3.258027600000000E+009,-1.701969288152054E-001,8.284864200402952E-001,
3.267027400000000E+009,2.189561160366063E-001,8.150203043445164E-001,
3.276027200000000E+009,5.640047944139371E-001,6.250374139036375E-001,
3.285027000000000E+009,7.862185733026337E-001,2.918786568393538E-001,
3.294026800000000E+009,8.277848823370914E-001,-1.117898515025039E-001,
3.303026600000000E+009,6.727645091053733E-001,-4.912227127161056E-001,
3.312026400000000E+009,3.549942569387449E-001,-7.523464064012388E-001,
3.321026200000000E+009,-4.754428743521971E-002,-8.284132258209861E-001,
3.330026000000000E+009,-4.336864302912404E-001,-7.075336716953714E-001,
3.339025800000000E+009,-7.137244819434975E-001,-4.245081017098849E-001,
3.348025600000000E+009,-8.301967151564073E-001,-5.155377503750406E-002,
3.357025400000000E+009,-7.652064823699158E-001,3.284149519894335E-001,
3.366025200000000E+009,-5.390016276960181E-001,6.343341297654489E-001,
3.375025000000000E+009,-2.012420690920147E-001,8.074092325392259E-001,
3.384024800000000E+009,1.781818775994724E-001,8.125504265702994E-001,
3.393024600000000E+009,5.237403068631076E-001,6.441743271197786E-001,
3.402024400000000E+009,7.600006333154831E-001,3.324504509632155E-001,
3.411024200000000E+009,8.256923908112848E-001,-5.927906434684514E-002,
3.420024000000000E+009,6.975684279522680E-001,-4.420181927873398E-001,
3.429023800000000E+009,4.001822548660424E-001,-7.199774764878533E-001,
3.438023600000000E+009,6.707269971534724E-003,-8.234195562918044E-001,
3.447023400000000E+009,-3.859027789374652E-001,-7.289450393595846E-001,
3.456023200000000E+009,-6.841348122310027E-001,-4.625832526367752E-001,
3.465023000000000E+009,-8.232658392803172E-001,-9.565642196337279E-002,
3.474022800000000E+009,-7.787806827431668E-001,2.896733383043345E-001,
3.483022600000000E+009,-5.680750461904993E-001,6.100764845530217E-001,
3.492022400000000E+009,-2.386431417376459E-001,8.005326786556851E-001,
3.501022200000000E+009,1.423925347204579E-001,8.230020835999000E-001,
3.510022000000000E+009,4.952167522784927E-001,6.723710615012744E-001,
3.519021800000000E+009,7.461012558668256E-001,3.719172599807132E-001,
3.528021600000000E+009,8.303859701386208E-001,-1.546001148309689E-002,
3.537021400000000E+009,7.233231195453361E-001,-4.030370551796570E-001,
3.546021200000000E+009,4.426905867122438E-001,-6.967243451228412E-001,
3.555021000000000E+009,5.468221526134721E-002,-8.215917188512176E-001,
3.564020800000000E+009,-3.443039076439188E-001,-7.479393463765464E-001,
3.573020600000000E+009,-6.570014365717548E-001,-4.965603339375067E-001,
3.582020400000000E+009,-8.148782879270740E-001,-1.336290108404091E-001,
3.591020200000000E+009,-7.880232322360945E-001,2.551256419028588E-001,
3.600020000000000E+009,-5.902656619759743E-001,5.848733699512317E-001,
3.609019800000000E+009,-2.690901014362974E-001,7.881199785657053E-001,
3.618019600000000E+009,1.083329077182361E-001,8.271993428829340E-001,
3.627019400000000E+009,4.641584686007740E-001,6.923602341964977E-001,
3.636019200000000E+009,7.245373729451147E-001,4.093741523500875E-001,
3.645019000000000E+009,8.289244227369582E-001,3.306654476154739E-002,
3.654018800000000E+009,7.462339071274080E-001,-3.540981986263100E-001,
3.663018600000000E+009,4.888988221309403E-001,-6.614400731154032E-001,
3.672018400000000E+009,1.129185571228768E-001,-8.129200601549743E-001,
3.681018200000000E+009,-2.899241744328207E-001,-7.661793315273217E-001,
3.690018000000000E+009,-6.199536862632412E-001,-5.355761838281830E-001,
3.699017800000000E+009,-8.008553399992421E-001,-1.796835764331280E-001,
3.708017600000000E+009,-7.963198998441191E-001,2.126588362260278E-001,
3.717017400000000E+009,-6.130174003844876E-001,5.540412013792924E-001,
3.726017200000000E+009,-2.995215515087157E-001,7.725206663715563E-001,
3.735017000000000E+009,7.562435307599456E-002,8.268383903470483E-001,
3.744016800000000E+009,4.353034404614279E-001,7.076099250779238E-001,
3.753016600000000E+009,7.047067608627688E-001,4.375973842566740E-001,
3.762016400000000E+009,8.241512501349132E-001,7.013089699032067E-002,
3.771016200000000E+009,7.612443237676908E-001,-3.165804358553628E-001,
3.780016000000000E+009,5.220993595106672E-001,-6.334356188942248E-001,
3.789015800000000E+009,1.575741495288341E-001,-8.029036874417876E-001,
3.798015600000000E+009,-2.461115498470637E-001,-7.782399762496148E-001,
3.807015400000000E+009,-5.886058153702837E-001,-5.638214014869368E-001,
3.816015200000000E+009,-7.865708601358413E-001,-2.177800606522370E-001,
3.825015000000000E+009,-8.000678693647183E-001,1.739733239055086E-001,
3.834014800000000E+009,-6.335859119315054E-001,5.229427061171311E-001,
3.843014600000000E+009,-3.320831333239239E-001,7.538097095201762E-001,
3.852014400000000E+009,3.754605009490007E-002,8.246275793696958E-001,
3.861014200000000E+009,3.978675490977864E-001,7.245542523545155E-001,
3.870014000000000E+009,6.785610169035059E-001,4.718727594720438E-001,
3.879013800000000E+009,8.153958735089274E-001,1.164968563521384E-001,
3.888013600000000E+009,7.749175630116052E-001,-2.688031190284879E-001,
3.897013400000000E+009,5.575809032556547E-001,-5.960411494549044E-001,
3.906013200000000E+009,2.052746304180498E-001,-7.855887446510022E-001,
3.915013000000000E+009,-1.964848436379670E-001,-7.840757418190535E-001,
3.924012800000000E+009,-5.503556665945353E-001,-5.914432740381460E-001,
3.933012600000000E+009,-7.665650759799298E-001,-2.561963233425305E-001,
3.942012400000000E+009,-8.001439312704881E-001,1.358948366852849E-001,
3.951012200000000E+009,-6.498039722645304E-001,4.907668059993202E-001,
3.960012000000000E+009,-3.599167597931703E-001,7.356726561203500E-001,
3.969011800000000E+009,4.562554599521324E-003,8.218012948645851E-001,
3.978011600000000E+009,3.676147796883293E-001,7.372117204954494E-001,
3.987011400000000E+009,6.548088886606306E-001,4.993852016196547E-001,
3.996011200000000E+009,8.073712328639087E-001,1.550494978078157E-001,
4.005011000000000E+009,7.868220497367503E-001,-2.247320568742780E-001,
4.014010800000000E+009,5.914989163227231E-001,-5.591602221612410E-001,
4.023010600000000E+009,2.578482322792107E-001,-7.669113860800557E-001,
4.032010400000000E+009,-1.385502967743093E-001,-7.932270400977347E-001,
4.041010200000000E+009,-5.010770135239885E-001,-6.280827700614966E-001,
4.050010000000000E+009,-7.404383062892060E-001,-3.116121959581029E-001,
4.059009800000000E+009,-8.023333093037204E-001,7.368428875367590E-002,
4.068009600000000E+009,-6.804421097915999E-001,4.393360446583306E-001,
4.077009400000000E+009,-4.101803480793033E-001,7.037521879850160E-001,
4.086009200000000E+009,-5.361534285503367E-002,8.170766138816323E-001,
4.095009000000000E+009,3.125875790016225E-001,7.590989711475591E-001,
4.104008800000000E+009,6.150045925778687E-001,5.445394377734639E-001,
4.113008600000000E+009,7.906557146836907E-001,2.161915399137033E-001,
4.122008400000000E+009,7.987716132429965E-001,-1.607641114377969E-001,
4.131008200000000E+009,6.314926194387560E-001,-5.068842475369747E-001,
4.140008000000000E+009,3.193405107900091E-001,-7.382010815840668E-001,
4.149007800000000E+009,-7.169224070842181E-002,-7.955454126153153E-001,
4.158007600000000E+009,-4.445141332542288E-001,-6.620693014408337E-001,
4.167007400000000E+009,-7.080410434970187E-001,-3.651866484015510E-001,
4.176007200000000E+009,-7.998168501387878E-001,1.735624019027625E-002,
4.185007000000000E+009,-7.023910162075634E-001,3.928532287811463E-001,
4.194006800000000E+009,-4.461504502541240E-001,6.771610721495092E-001,
4.203006600000000E+009,-9.420390198089761E-002,8.096732460867901E-001,
4.212006400000000E+009,2.739691849817004E-001,7.708508334247858E-001,
4.221006200000000E+009,5.860764210019193E-001,5.734160217280807E-001,
4.230006000000000E+009,7.765625769000695E-001,2.581427576120463E-001,
4.239005800000000E+009,8.077882087899370E-001,-1.121141586195245E-001,
4.248005600000000E+009,6.686753598433297E-001,-4.612657026182430E-001,
4.257005400000000E+009,3.796222210837709E-001,-7.122648312136461E-001,
4.266005200000000E+009,2.196391720231102E-003,-8.028013422172462E-001,
4.275005000000000E+009,-3.789868568969296E-001,-7.037843500453909E-001,
4.284004800000000E+009,-6.699367997313912E-001,-4.348808760192060E-001,
4.293004600000000E+009,-7.976824997507133E-001,-6.148351843308885E-002,
4.302004400000000E+009,-7.344300000874239E-001,3.252732415912668E-001,
4.311004200000000E+009,-5.007920220444427E-001,6.343994512119868E-001,
4.320004000000000E+009,-1.566212797159256E-001,7.960513954466445E-001,
4.329003800000000E+009,2.177844513939545E-001,7.862216312850808E-001,
4.338003600000000E+009,5.443318865883190E-001,6.104381923306362E-001,
4.347003400000000E+009,7.583747147567297E-001,3.092092409830666E-001,
4.356003200000000E+009,8.165806337530284E-001,-5.883390821170053E-002,
4.365003000000000E+009,7.034283552657070E-001,-4.181424188318194E-001,
4.374002800000000E+009,4.336515585582890E-001,-6.926721918445589E-001,
4.383002600000000E+009,5.893588273082314E-002,-8.147815393904855E-001,
4.392002400000000E+009,-3.351400280317458E-001,-7.435601224566428E-001,
4.401002200000000E+009,-6.506561193165074E-001,-4.895590185220683E-001,
4.410002000000000E+009,-8.064213098364457E-001,-1.148937699896238E-001,
4.419001800000000E+009,-7.649396286261618E-001,2.842104197659404E-001,
4.428001600000000E+009,-5.424719100322638E-001,6.121296733582516E-001,
4.437001400000000E+009,-2.005894193638882E-001,7.950506563000168E-001,
4.446001200000000E+009,1.807536855374052E-001,8.006719603130627E-001,
4.455001000000000E+009,5.188023886981389E-001,6.382331535792724E-001,
4.464000800000000E+009,7.475452154357380E-001,3.432513675818383E-001,
4.473000600000000E+009,8.215577955864652E-001,-2.261765920296946E-002,
4.482000400000000E+009,7.232781635369882E-001,-3.863744133519313E-001,
4.491000200000000E+009,4.686249587462827E-001,-6.709478310617261E-001,
4.500000000000000E+009,1.056857619953835E-001,-8.094636866384477E-001,
