% Version 1.00
%
%freq[Hz] re:Trc4_S22 im:Trc4_S22 
1.000000000000000E+005,9.982217174653906E-001,-1.180082060845731E-002,
9.099800000000000E+006,8.784478473373051E-001,-4.690275633854599E-001,
1.809960000000000E+007,5.567668063881989E-001,-8.307301250646668E-001,
2.709940000000000E+007,1.036737536389866E-001,-9.900612319380283E-001,
3.609920000000000E+007,-3.707790809075353E-001,-9.160032006625515E-001,
4.509900000000000E+007,-7.557821151494829E-001,-6.310876632719890E-001,
5.409880000000000E+007,-9.598447912300685E-001,-1.991410607876863E-001,
6.309860000000000E+007,-9.365575384942169E-001,2.765926460787538E-001,
7.209840000000000E+007,-6.935818374073851E-001,6.819125309251386E-001,
8.109820000000000E+007,-2.912064530783682E-001,9.257577488102392E-001,
9.009800000000000E+007,1.764347782207617E-001,9.541039188972202E-001,
9.909780000000000E+007,6.016918657357568E-001,7.613551200690976E-001,
1.080976000000000E+008,8.876336708322563E-001,3.940825515088806E-001,
1.170974000000000E+008,9.699538515560501E-001,-6.429831214108431E-002,
1.260972000000000E+008,8.296722378760850E-001,-5.085238700833062E-001,
1.350970000000000E+008,4.981715925131359E-001,-8.360057832026735E-001,
1.440968000000000E+008,5.029032377725453E-002,-9.713194994427853E-001,
1.530966000000000E+008,-4.080904039439603E-001,-8.809581889674539E-001,
1.620964000000000E+008,-7.712239613565980E-001,-5.861117318531457E-001,
1.710962000000000E+008,-9.529676244327704E-001,-1.556094897399876E-001,
1.800960000000000E+008,-9.111095210822526E-001,3.098600299111173E-001,
1.890958000000000E+008,-6.574780902203923E-001,6.996753034255872E-001,
1.980956000000000E+008,-2.522188146186591E-001,9.250807465210296E-001,
2.070954000000000E+008,2.091494755896945E-001,9.354202063351891E-001,
2.160952000000000E+008,6.219962302457721E-001,7.301696939353863E-001,
2.250950000000000E+008,8.918921476794275E-001,3.570997310770225E-001,
2.340948000000000E+008,9.565681352827146E-001,-9.828748673663773E-002,
2.430946000000000E+008,8.025843145709142E-001,-5.319132656288521E-001,
2.520944000000000E+008,4.630205228797278E-001,-8.450399949089844E-001,
2.610942000000000E+008,1.556919477243116E-002,-9.620274324339790E-001,
2.700940000000000E+008,-4.346491090560975E-001,-8.568700505175861E-001,
2.790938000000000E+008,-7.832336060645218E-001,-5.520852812622211E-001,
2.880936000000000E+008,-9.479308926590350E-001,-1.204022795171129E-001,
2.970934000000000E+008,-8.909199797089236E-001,3.370067946874182E-001,
3.060932000000000E+008,-6.279812456140625E-001,7.137210805867124E-001,
3.150930000000000E+008,-2.214746371248335E-001,9.227584946793149E-001,
3.240928000000000E+008,2.340724644542926E-001,9.192529458839309E-001,
3.330926000000000E+008,6.344229333065435E-001,7.062952778250665E-001,
3.420924000000000E+008,8.919720910952501E-001,3.313342661622046E-001,
3.510922000000000E+008,9.457809251847577E-001,-1.201443280067487E-001,
3.600920000000000E+008,7.829825154862042E-001,-5.456757492451517E-001,
3.690918000000000E+008,4.395422099528664E-001,-8.481996019269019E-001,
3.780916000000000E+008,-7.164035123520476E-003,-9.544281296351264E-001,
3.870914000000000E+008,-4.524001792821028E-001,-8.384807284736351E-001,
3.960912000000000E+008,-7.901667974501121E-001,-5.261078551292557E-001,
4.050910000000000E+008,-9.409642975337303E-001,-9.315405122564902E-002,
4.140908000000000E+008,-8.719515992994881E-001,3.589166313479995E-001,
4.230906000000000E+008,-6.002187448368901E-001,7.236092304413899E-001,
4.320904000000000E+008,-1.926302243448073E-001,9.197149632787960E-001,
4.410902000000000E+008,2.580357898584301E-001,9.042725655041960E-001,
4.500900000000000E+008,6.490164421970386E-001,6.833597053685148E-001,
4.590898000000000E+008,8.934769121899067E-001,3.068596044772144E-001,
4.680896000000000E+008,9.363807526212803E-001,-1.398491471279418E-001,
4.770894000000000E+008,7.677703067205208E-001,-5.577527324554501E-001,
4.860892000000000E+008,4.227828154181784E-001,-8.501592165290545E-001,
4.950890000000000E+008,-2.104352434418613E-002,-9.481992490726160E-001,
5.040888000000000E+008,-4.595790227422361E-001,-8.253901167356100E-001,
5.130886000000000E+008,-7.902829398937542E-001,-5.117000407477359E-001,
5.220884000000000E+008,-9.337056683002316E-001,-7.913749190873792E-002,
5.310882000000000E+008,-8.566297506169438E-001,3.687222693490497E-001,
5.400880000000000E+008,-5.832344114659185E-001,7.263090652641607E-001,
5.490878000000000E+008,-1.769324099723290E-001,9.148299601303449E-001,
5.580876000000000E+008,2.701714094216629E-001,8.935277214684939E-001,
5.670874000000000E+008,6.551334656056261E-001,6.686943660663950E-001,
5.760872000000000E+008,8.929468305364521E-001,2.919776933843297E-001,
5.850870000000000E+008,9.306576258121616E-001,-1.524640221271583E-001,
5.940868000000000E+008,7.568479586154832E-001,-5.651009153383487E-001,
6.030866000000000E+008,4.103334085180878E-001,-8.510827556390809E-001,
6.120864000000000E+008,-3.090494802609975E-002,-9.416092484990639E-001,
6.210862000000000E+008,-4.645423733326970E-001,-8.160402070981754E-001,
6.300860000000000E+008,-7.887809347402671E-001,-5.015616402996909E-001,
6.390858000000000E+008,-9.273067692312182E-001,-7.285164395743725E-002,
6.480856000000000E+008,-8.494533069671305E-001,3.690842609446595E-001,
6.570854000000000E+008,-5.765476402759272E-001,7.228534348324958E-001,
6.660852000000000E+008,-1.706422051465201E-001,9.078174184881123E-001,
6.750850000000000E+008,2.710636890800606E-001,8.855379589492308E-001,
6.840848000000000E+008,6.514846687894091E-001,6.615670697742411E-001,
6.930846000000000E+008,8.873573756772403E-001,2.896638357852734E-001,
7.020844000000000E+008,9.240738841813526E-001,-1.495070232941242E-001,
7.110842000000000E+008,7.545546212066283E-001,-5.573933294302441E-001,
7.200840000000000E+008,4.145516736495307E-001,-8.418741507816142E-001,
7.290838000000000E+008,-2.130273347682342E-002,-9.362296095261491E-001,
7.380836000000000E+008,-4.514186343031801E-001,-8.164724258872194E-001,
7.470834000000000E+008,-7.763217730895033E-001,-5.088083147304484E-001,
7.560832000000000E+008,-9.197269570193567E-001,-8.466345730836532E-002,
7.650830000000000E+008,-8.477559295443452E-001,3.559574970444905E-001,
7.740828000000000E+008,-5.803408810292596E-001,7.105238183240502E-001,
7.830826000000000E+008,-1.800386258277849E-001,8.995248629731637E-001,
7.920824000000000E+008,2.599736821172407E-001,8.811270525826360E-001,
8.010822000000000E+008,6.402547629817971E-001,6.631707945124999E-001,
8.100820000000000E+008,8.763997365597134E-001,2.969360574635502E-001,
8.190818000000000E+008,9.193723028082759E-001,-1.380648029288614E-001,
8.280816000000000E+008,7.572703247635403E-001,-5.433761834493450E-001,
8.370814000000000E+008,4.243061737649623E-001,-8.294023941684786E-001,
8.460812000000000E+008,-3.630509839949482E-003,-9.295565243518068E-001,
8.550810000000000E+008,-4.304956694645060E-001,-8.208247899791039E-001,
8.640808000000000E+008,-7.597801938396094E-001,-5.233735779373888E-001,
8.730806000000000E+008,-9.116148959965729E-001,-1.065588104659765E-001,
8.820804000000000E+008,-8.516762587143594E-001,3.317067696747822E-001,
8.910802000000000E+008,-5.947977255672836E-001,6.915542965801513E-001,
9.000800000000000E+008,-2.023796099572246E-001,8.886800414417431E-001,
9.090798000000000E+008,2.342277573120956E-001,8.828524851897431E-001,
9.180796000000000E+008,6.164899742582241E-001,6.779253838894465E-001,
9.270794000000000E+008,8.623890085705450E-001,3.215120759484745E-001,
9.360792000000000E+008,9.177137487077128E-001,-1.067687793606509E-001,
9.450790000000000E+008,7.707827965284615E-001,-5.134496769445791E-001,
9.540788000000000E+008,4.520199390785307E-001,-8.094383051327931E-001,
9.630786000000000E+008,3.129526791981883E-002,-9.256304505987898E-001,
9.720784000000000E+008,-3.966283369476447E-001,-8.321623521661810E-001,
9.810782000000000E+008,-7.349301792809373E-001,-5.499343735858775E-001,
9.900780000000000E+008,-9.020556493141322E-001,-1.415350890626348E-001,
9.990778000000000E+008,-8.600203424238384E-001,2.968404740656852E-001,
1.008077600000000E+009,-6.177587297967133E-001,6.641300890409236E-001,
1.017077400000000E+009,-2.363762614586334E-001,8.754416392548997E-001,
1.026077200000000E+009,1.995204694995268E-001,8.859214968649077E-001,
1.035077000000000E+009,5.878880486354485E-001,6.959647682792577E-001,
1.044076800000000E+009,8.454899068262843E-001,3.505359890121734E-001,
1.053076600000000E+009,9.156263288893358E-001,-7.269776346652644E-002,
1.062076400000000E+009,7.850680875788637E-001,-4.833132549238949E-001,
1.071076200000000E+009,4.798374549530858E-001,-7.877407070067066E-001,
1.080076000000000E+009,6.807038409995096E-002,-9.194993645400108E-001,
1.089075800000000E+009,-3.613455722577311E-001,-8.440279455509204E-001,
1.098075600000000E+009,-7.075512232930611E-001,-5.786846885388074E-001,
1.107075400000000E+009,-8.903463503537545E-001,-1.823323848576773E-001,
1.116075200000000E+009,-8.677346105155365E-001,2.539793448563603E-001,
1.125075000000000E+009,-6.463145269483589E-001,6.286771210357380E-001,
1.134074800000000E+009,-2.780877131227506E-001,8.571410223908363E-001,
1.143074600000000E+009,1.511179257267067E-001,8.891790912269182E-001,
1.152074400000000E+009,5.452510502744887E-001,7.214183959626767E-001,
1.161074200000000E+009,8.185162219361283E-001,3.944003972390606E-001,
1.170074000000000E+009,9.121230889296467E-001,-2.189819818515217E-002,
1.179073800000000E+009,8.059329525139871E-001,-4.352145832309673E-001,
1.188073600000000E+009,5.219219001501759E-001,-7.546783914281255E-001,
1.197073400000000E+009,1.210048921467010E-001,-9.094816372883544E-001,
1.206073200000000E+009,-3.078120309432073E-001,-8.621641632612965E-001,
1.215073000000000E+009,-6.673866118550259E-001,-6.214071482583616E-001,
1.224072800000000E+009,-8.737235879191810E-001,-2.395125592165730E-001,
1.233072600000000E+009,-8.804008681683943E-001,1.927584852916890E-001,
1.242072400000000E+009,-6.855395667301271E-001,5.792949554181809E-001,
1.251072200000000E+009,-3.357976367854160E-001,8.307242979971830E-001,
1.260072000000000E+009,8.967907807968886E-002,8.909082527775176E-001,
1.269071800000000E+009,4.941439113314040E-001,7.498964330246317E-001,
1.278071600000000E+009,7.881422812740857E-001,4.388243880732891E-001,
1.287071400000000E+009,9.060115297374093E-001,2.825532008594759E-002,
1.296071200000000E+009,8.213265897906925E-001,-3.922719485918681E-001,
1.305071000000000E+009,5.525711779372153E-001,-7.270893106594839E-001,
1.314070800000000E+009,1.580719964821925E-001,-8.997228532139713E-001,
1.323070600000000E+009,-2.714734865480586E-001,-8.710473277542495E-001,
1.332070400000000E+009,-6.390440509660986E-001,-6.458311786998232E-001,
1.341070200000000E+009,-8.597169748216943E-001,-2.783550742419315E-001,
1.350070000000000E+009,-8.873919994848575E-001,1.481811643217813E-001,
1.359069800000000E+009,-7.150005017542918E-001,5.376273049610634E-001,
1.368069600000000E+009,-3.846639765797381E-001,8.046304107041038E-001,
1.377069400000000E+009,2.973099515120664E-002,8.916503068625094E-001,
1.386069200000000E+009,4.382775569739178E-001,7.793449578559202E-001,
1.395069000000000E+009,7.493432678460127E-001,4.935438490812280E-001,
1.404068800000000E+009,8.962597318106651E-001,9.359049716387191E-002,
1.413068600000000E+009,8.432399209914632E-001,-3.307709974827349E-001,
1.422068400000000E+009,5.990248767436397E-001,-6.825705820965012E-001,
1.431068200000000E+009,2.185837453720701E-001,-8.826360802227175E-001,
1.440068000000000E+009,-2.115102466419886E-001,-8.822759471690390E-001,
1.449067800000000E+009,-5.933808861569231E-001,-6.838936660625231E-001,
1.458067600000000E+009,-8.386267711411576E-001,-3.311447488628478E-001,
1.467067400000000E+009,-8.914022140698064E-001,9.410019606059845E-002,
1.476067200000000E+009,-7.441190554880209E-001,4.951563225080959E-001,
1.485067000000000E+009,-4.289242331214697E-001,7.807922982213360E-001,
1.494066800000000E+009,-1.995654294736040E-002,8.918490364234136E-001,
1.503066600000000E+009,3.946377168948081E-001,8.005948242727933E-001,
1.512066400000000E+009,7.199257972717946E-001,5.300308722403749E-001,
1.521066200000000E+009,8.860154561192563E-001,1.412090984012153E-001,
1.530066000000000E+009,8.552401147832328E-001,-2.801293252375900E-001,
1.539065800000000E+009,6.344722618227351E-001,-6.421911676604883E-001,
1.548065600000000E+009,2.709344764549808E-001,-8.620303380413110E-001,
1.557065400000000E+009,-1.537651153632670E-001,-8.902232265726474E-001,
1.566065200000000E+009,-5.444076190503735E-001,-7.201035219625679E-001,
1.575065000000000E+009,-8.118457444755254E-001,-3.881905462575630E-001,
1.584064800000000E+009,-8.965562988126219E-001,2.929408941233143E-002,
1.593064600000000E+009,-7.788657287612476E-001,4.384824152719515E-001,
1.602064400000000E+009,-4.877654772320546E-001,7.458163390020621E-001,
1.611064200000000E+009,-8.766926256428184E-002,8.852288405118295E-001,
1.620064000000000E+009,3.302788962686716E-001,8.263342137547516E-001,
1.629063800000000E+009,6.742436914914315E-001,5.808729122074666E-001,
1.638063600000000E+009,8.676543484421883E-001,2.061303083145527E-001,
1.647063400000000E+009,8.673581926601410E-001,-2.171694701581374E-001,
1.656063200000000E+009,6.723091410498072E-001,-5.931698508114518E-001,
1.665063000000000E+009,3.256043009754303E-001,-8.378330417654506E-001,
1.674062800000000E+009,-9.599601295335958E-002,-8.946198395978950E-001,
1.683062600000000E+009,-4.959231781960972E-001,-7.507777085390821E-001,
1.692062400000000E+009,-7.845830094339771E-001,-4.375726034453057E-001,
1.701062200000000E+009,-8.956692118707745E-001,-2.816567808065172E-002,
1.710062000000000E+009,-8.060600049804815E-001,3.848624852382916E-001,
1.719061800000000E+009,-5.377925749219639E-001,7.102490696391527E-001,
1.728061600000000E+009,-1.508780133929741E-001,8.748725085867005E-001,
1.737061400000000E+009,2.681511493438990E-001,8.451236571233181E-001,
1.746061200000000E+009,6.260105431481122E-001,6.273730464478668E-001,
1.755061000000000E+009,8.446768129000170E-001,2.692655493442606E-001,
1.764060800000000E+009,8.758269125282067E-001,-1.489292260762241E-001,
1.773060600000000E+009,7.121090716221361E-001,-5.370454682161472E-001,
1.782060400000000E+009,3.868296109961071E-001,-8.071664225361003E-001,
1.791060200000000E+009,-2.735109047799958E-002,-8.965274968009459E-001,
1.800060000000000E+009,-4.362896313266237E-001,-7.846908388096272E-001,
1.809059800000000E+009,-7.480815189320565E-001,-4.961072584611922E-001,
1.818059600000000E+009,-8.897513176863712E-001,-9.637613100530536E-002,
1.827059400000000E+009,-8.317076209049534E-001,3.224790780278221E-001,
1.836059200000000E+009,-5.885500012316428E-001,6.652573594874511E-001,
1.845059000000000E+009,-2.155920058342568E-001,8.584849982204029E-001,
1.854058800000000E+009,2.019163558599344E-001,8.594973225388704E-001,
1.863058600000000E+009,5.735569997120794E-001,6.699593958126083E-001,
1.872058400000000E+009,8.172764645935440E-001,3.314517095442812E-001,
1.881058200000000E+009,8.802897065181333E-001,-8.226753480484909E-002,
1.890058000000000E+009,7.472193780326629E-001,-4.793613515380993E-001,
1.899057800000000E+009,4.446898812925372E-001,-7.725043018157777E-001,
1.908057600000000E+009,3.957010386424138E-002,-8.939025534933210E-001,
1.917057400000000E+009,-3.764336185759376E-001,-8.136517132866245E-001,
1.926057200000000E+009,-7.090234360626195E-001,-5.498665795020886E-001,
1.935057000000000E+009,-8.798512153695403E-001,-1.628796279795353E-001,
1.944056800000000E+009,-8.529881118363519E-001,2.578682855904797E-001,
1.953056600000000E+009,-6.371849317156118E-001,6.190738983817158E-001,
1.962056400000000E+009,-2.794538784719741E-001,8.384395456209267E-001,
1.971056200000000E+009,1.372524613437231E-001,8.695170227441897E-001,
1.980056000000000E+009,5.214771781611056E-001,7.065954165754147E-001,
1.989055800000000E+009,7.889868686911566E-001,3.872260833143303E-001,
1.998055600000000E+009,8.802942721411707E-001,-2.010835614533379E-002,
2.007055400000000E+009,7.746901611421174E-001,-4.251996242788124E-001,
2.016055200000000E+009,4.955947480304909E-001,-7.371354413896393E-001,
2.025055000000000E+009,1.024161726061454E-001,-8.858638912524853E-001,
2.034054800000000E+009,-3.154010237916064E-001,-8.370471750993818E-001,
2.043054600000000E+009,-6.630132359941523E-001,-6.018284663532207E-001,
2.052054400000000E+009,-8.638097685411088E-001,-2.321578795096070E-001,
2.061054200000000E+009,-8.715127100240676E-001,1.860100357944612E-001,
2.070054000000000E+009,-6.871119824318746E-001,5.608737257134333E-001,
2.079053800000000E+009,-3.525788222303306E-001,8.092146125058392E-001,
2.088053600000000E+009,5.803593212261805E-002,8.756841627973757E-001,
2.097053400000000E+009,4.544147902059609E-001,7.484199525443375E-001,
2.106053200000000E+009,7.480007985504698E-001,4.531892094549898E-001,
2.115053000000000E+009,8.737962104089146E-001,5.506599132189931E-002,
2.124052800000000E+009,8.027101854938489E-001,-3.567601013638608E-001,
2.133052600000000E+009,5.493321263513578E-001,-6.907733860660816E-001,
2.142052400000000E+009,1.708881555546490E-001,-8.705773714395425E-001,
2.151052200000000E+009,-2.483558764508484E-001,-8.551170039935967E-001,
2.160052000000000E+009,-6.126576892957695E-001,-6.480567110945860E-001,
2.169051800000000E+009,-8.411813321761612E-001,-2.972540941747855E-001,
2.178051600000000E+009,-8.812766275576677E-001,1.184845253522844E-001,
2.187051400000000E+009,-7.262459529636750E-001,5.067391124118238E-001,
2.196051200000000E+009,-4.102454904420420E-001,7.788445590212076E-001,
2.205051000000000E+009,-5.250075027499673E-003,8.756361889207199E-001,
2.214050800000000E+009,3.995119398962944E-001,7.752484620386210E-001,
2.223050600000000E+009,7.121870475912930E-001,4.987364345418918E-001,
2.232050400000000E+009,8.632210790757353E-001,1.106817410223775E-001,
2.241050200000000E+009,8.178157456313248E-001,-3.023379578450951E-001,
2.250050000000000E+009,5.881384577075072E-001,-6.501400588108256E-001,
2.259049800000000E+009,2.250241954613677E-001,-8.520643727948173E-001,
2.268049600000000E+009,-1.886024688821831E-001,-8.649306211776024E-001,
2.277049400000000E+009,-5.627590943426558E-001,-6.870851081098088E-001,
2.286049200000000E+009,-8.141414766548398E-001,-3.569096435178362E-001,
2.295049000000000E+009,-8.858387263626324E-001,5.069586669350785E-002,
2.304048800000000E+009,-7.626434563496117E-001,4.464960012521501E-001,
2.313048600000000E+009,-4.712828452626229E-001,7.418163840144149E-001,
2.322048400000000E+009,-7.493028428208369E-002,8.698647908487297E-001,
2.331048200000000E+009,3.359999113294097E-001,8.009406487033874E-001,
2.340048000000000E+009,6.692347061718108E-001,5.488226271478887E-001,
2.349047800000000E+009,8.480222052732482E-001,1.708840220044448E-001,
2.358047600000000E+009,8.317690960694053E-001,-2.452568206054973E-001,
2.367047400000000E+009,6.249080279784415E-001,-6.064419086707249E-001,
2.376047200000000E+009,2.771845295132370E-001,-8.311439165887740E-001,
2.385047000000000E+009,-1.332694310082451E-001,-8.712610980284984E-001,
2.394046800000000E+009,-5.148436089948753E-001,-7.187054133438436E-001,
2.403046600000000E+009,-7.845134505455059E-001,-4.105930910061909E-001,
2.412046400000000E+009,-8.848142057206746E-001,-1.472125285180112E-002,
2.421046200000000E+009,-7.941364919836652E-001,3.841222579263024E-001,
2.430046000000000E+009,-5.294651905381623E-001,6.983495892343021E-001,
2.439045800000000E+009,-1.498159137708727E-001,8.577024236476927E-001,
2.448045600000000E+009,2.614037836221715E-001,8.237929281553317E-001,
2.457045400000000E+009,6.133612520671591E-001,6.050140262385385E-001,
2.466045200000000E+009,8.247838236897589E-001,2.447482001737081E-001,
2.475045000000000E+009,8.436437511618643E-001,-1.731448013659656E-001,
2.484044800000000E+009,6.651909642721471E-001,-5.505021721430088E-001,
2.493044600000000E+009,3.345030273713585E-001,-8.017034593533184E-001,
2.502044400000000E+009,-7.620952151011842E-002,-8.703785343513324E-001,
2.511044200000000E+009,-4.687569825099393E-001,-7.427540374151826E-001,
2.520044000000000E+009,-7.556239126275991E-001,-4.503431165956404E-001,
2.529043800000000E+009,-8.778759290674424E-001,-6.009838021471090E-002,
2.538043600000000E+009,-8.086015098313883E-001,3.418278235119581E-001,
2.547043400000000E+009,-5.636499726331522E-001,6.673462141546707E-001,
2.556043200000000E+009,-1.971155783243399E-001,8.461172366462663E-001,
2.565043000000000E+009,2.138924037464599E-001,8.365957304615344E-001,
2.574042800000000E+009,5.751439005796161E-001,6.375437969046879E-001,
2.583042600000000E+009,8.048769981561849E-001,2.940957956877847E-001,
2.592042400000000E+009,8.487444147161510E-001,-1.188845703708287E-001,
2.601042200000000E+009,6.964130693452252E-001,-5.043074165429278E-001,
2.610042000000000E+009,3.818500294016007E-001,-7.752108555216791E-001,
2.619041800000000E+009,-2.017163944919874E-002,-8.677701722019561E-001,
2.628041600000000E+009,-4.173684073434526E-001,-7.653406823321011E-001,
2.637041400000000E+009,-7.225262708513028E-001,-4.950688982918469E-001,
2.646041200000000E+009,-8.678295337969720E-001,-1.153434131818182E-001,
2.655041000000000E+009,-8.253541922584984E-001,2.883227161288886E-001,
2.664040800000000E+009,-6.029879548147183E-001,6.280829660928120E-001,
2.673040600000000E+009,-2.497855666721150E-001,8.294413998789643E-001,
2.682040400000000E+009,1.585988003912366E-001,8.467733132649218E-001,
2.691040200000000E+009,5.312694736576651E-001,6.729174217631786E-001,
2.700040000000000E+009,7.831348729772178E-001,3.448016230840941E-001,
2.709039800000000E+009,8.525166420913215E-001,-6.505356349325250E-002,
2.718039600000000E+009,7.228217463805932E-001,-4.597577744656750E-001,
2.727039400000000E+009,4.239363927958312E-001,-7.476381606385377E-001,
2.736039200000000E+009,2.790425639839964E-002,-8.623863661306692E-001,
2.745039000000000E+009,-3.738627634733804E-001,-7.824504835269430E-001,
2.754038800000000E+009,-6.914283206196193E-001,-5.279588946747577E-001,
2.763038600000000E+009,-8.568514047621220E-001,-1.588367409622802E-001,
2.772038400000000E+009,-8.361001209986146E-001,2.433945730556494E-001,
2.781038200000000E+009,-6.349439261391672E-001,5.918363874095316E-001,
2.790038000000000E+009,-2.968712325381755E-001,8.118290741709552E-001,
2.799037800000000E+009,1.055004032342059E-001,8.541999808730197E-001,
2.808037600000000E+009,4.855715322686284E-001,7.068713225568966E-001,
2.817037400000000E+009,7.558662973746907E-001,3.981740820333986E-001,
2.826037200000000E+009,8.524719815149912E-001,-2.280748978132306E-003,
2.835037000000000E+009,7.512423834692096E-001,-4.026767555852063E-001,
2.844036800000000E+009,4.743896788508417E-001,-7.092620283187264E-001,
2.853036600000000E+009,8.718462220895243E-002,-8.513325477764002E-001,
2.862036400000000E+009,-3.176197225775416E-001,-7.978499207060966E-001,
2.871036200000000E+009,-6.505573191615844E-001,-5.646661365071364E-001,
2.880036000000000E+009,-8.380308643176305E-001,-2.062889599977796E-001,
2.889035800000000E+009,-8.413704210028993E-001,1.970349833117806E-001,
2.898035600000000E+009,-6.609468733691023E-001,5.554373979431393E-001,
2.907035400000000E+009,-3.355178648777870E-001,7.937934470323526E-001,
2.916035200000000E+009,6.370621886411162E-002,8.558549100920527E-001,
2.925035000000000E+009,4.476250939972571E-001,7.286550382454813E-001,
2.934034800000000E+009,7.318153321720597E-001,4.366109787579314E-001,
2.943034600000000E+009,8.480780962269544E-001,4.470987363360502E-002,
2.952034400000000E+009,7.689472942189670E-001,-3.580672290940262E-001,
2.961034200000000E+009,5.120304815895433E-001,-6.761277380658054E-001,
2.970034000000000E+009,1.361312377621720E-001,-8.387967349305715E-001,
2.979033800000000E+009,-2.696841918652266E-001,-8.086966132187731E-001,
2.988033600000000E+009,-6.148705574186726E-001,-5.944041824428988E-001,
2.997033400000000E+009,-8.221716263623816E-001,-2.471866479685099E-001,
3.006033200000000E+009,-8.458025631174744E-001,1.548462631966576E-001,
3.015033000000000E+009,-6.831254919709272E-001,5.220414556781132E-001,
3.024032800000000E+009,-3.712348476373027E-001,7.746235275495099E-001,
3.033032600000000E+009,2.155065728626184E-002,8.572254196001204E-001,
3.042032400000000E+009,4.085485152236279E-001,7.490309940005541E-001,
3.051032200000000E+009,7.053471112379279E-001,4.758077860257080E-001,
3.060032000000000E+009,8.421119453354906E-001,9.581684702175330E-002,
3.069031800000000E+009,7.894988239559975E-001,-3.065613461902701E-001,
3.078031600000000E+009,5.551017534481906E-001,-6.383723834899961E-001,
3.087031400000000E+009,1.921098179768662E-001,-8.245170205478805E-001,
3.096031200000000E+009,-2.144396378621602E-001,-8.210136864007702E-001,
3.105031000000000E+009,-5.735808016912365E-001,-6.283532676615627E-001,
3.114030800000000E+009,-8.011764216844852E-001,-2.927638748026163E-001,
3.123030600000000E+009,-8.483640726808823E-001,1.078249731717683E-001,
3.132030400000000E+009,-7.048909469766044E-001,4.843551996262167E-001,
3.141030200000000E+009,-4.071141438424085E-001,7.531910788034358E-001,
3.150030000000000E+009,-1.950387422069800E-002,8.540016634851839E-001,
3.159029800000000E+009,3.708278380947759E-001,7.671831025102797E-001,
3.168029600000000E+009,6.793472715311197E-001,5.108752807924870E-001,
3.177029400000000E+009,8.354388425022870E-001,1.404992927630981E-001,
3.186029200000000E+009,8.044207257537233E-001,-2.609352638980873E-001,
3.195029000000000E+009,5.900770142366202E-001,-6.047323523074031E-001,
3.204028800000000E+009,2.401950776078623E-001,-8.091947251776528E-001,
3.213028600000000E+009,-1.671848952747310E-001,-8.288334880796520E-001,
3.222028400000000E+009,-5.355563006183419E-001,-6.566050367255909E-001,
3.231028200000000E+009,-7.805694600787363E-001,-3.334681304720777E-001,
3.240028000000000E+009,-8.479036200663479E-001,6.454884395916635E-002,
3.249027800000000E+009,-7.242351714580115E-001,4.475952355937093E-001,
3.258027600000000E+009,-4.417101696816340E-001,7.291843343162217E-001,
3.267027400000000E+009,-6.261180828869639E-002,8.488394826145290E-001,
3.276027200000000E+009,3.280444556550057E-001,7.839221787497875E-001,
3.285027000000000E+009,6.472237883622779E-001,5.471156459014966E-001,
3.294026800000000E+009,8.233423426594946E-001,1.913932566063153E-001,
3.303026600000000E+009,8.166793683894947E-001,-2.074045209532587E-001,
3.312026400000000E+009,6.256531603190294E-001,-5.596356594228915E-001,
3.321026200000000E+009,2.948291343779829E-001,-7.851358997046054E-001,
3.330026000000000E+009,-1.065752893577496E-001,-8.301448941206416E-001,
3.339025800000000E+009,-4.824395365974610E-001,-6.843744570221437E-001,
3.348025600000000E+009,-7.460406229088767E-001,-3.794470172279699E-001,
3.357025400000000E+009,-8.378105810636249E-001,1.125979441925618E-002,
3.366025200000000E+009,-7.387009659343728E-001,3.976963570434772E-001,
3.375025000000000E+009,-4.750759626209108E-001,6.931727549693526E-001,
3.384024800000000E+009,-1.096411032849858E-001,8.339205951209064E-001,
3.393024600000000E+009,2.790843169415745E-001,7.918274928923382E-001,
3.402024400000000E+009,6.069326119026530E-001,5.813935385669347E-001,
3.411024200000000E+009,8.026957101687468E-001,2.429068325034045E-001,
3.420024000000000E+009,8.242301924075748E-001,-1.486924976903017E-001,
3.429023800000000E+009,6.633300226841485E-001,-5.086352212755028E-001,
3.438023600000000E+009,3.516856646768924E-001,-7.563013622663278E-001,
3.447023400000000E+009,-4.212993606714666E-002,-8.313223555873558E-001,
3.456023200000000E+009,-4.267959513207716E-001,-7.134716046007958E-001,
3.465023000000000E+009,-7.137194393957457E-001,-4.287874013891433E-001,
3.474022800000000E+009,-8.333254672312013E-001,-4.390337016181246E-002,
3.483022600000000E+009,-7.610109322665547E-001,3.516298811882373E-001,
3.492022400000000E+009,-5.134229876171905E-001,6.645077833228433E-001,
3.501022200000000E+009,-1.531447759508983E-001,8.276163780503886E-001,
3.510022000000000E+009,2.387690140302641E-001,8.079526913545188E-001,
3.519021800000000E+009,5.770506052914919E-001,6.133038753669277E-001,
3.528021600000000E+009,7.904570162027778E-001,2.861436434574096E-001,
3.537021400000000E+009,8.327100419656882E-001,-1.025386402487821E-001,
3.546021200000000E+009,6.912269267560092E-001,-4.702046338786694E-001,
3.555021000000000E+009,3.945276494731511E-001,-7.338824359658357E-001,
3.564020800000000E+009,6.110452698671516E-003,-8.309978945755976E-001,
3.573020600000000E+009,-3.855463124962289E-001,-7.354022756945723E-001,
3.582020400000000E+009,-6.869820674178503E-001,-4.676056226384158E-001,
3.591020200000000E+009,-8.277127126207173E-001,-8.907439363390175E-002,
3.600020000000000E+009,-7.761357567823627E-001,3.087565738982201E-001,
3.609019800000000E+009,-5.473858895132766E-001,6.331293039247573E-001,
3.618019600000000E+009,-1.991074673344066E-001,8.167327881869820E-001,
3.627019400000000E+009,1.898482104968230E-001,8.187642180991751E-001,
3.636019200000000E+009,5.354872540039228E-001,6.480125765539687E-001,
3.645019000000000E+009,7.670072743866833E-001,3.410003054424786E-001,
3.654018800000000E+009,8.370705063329020E-001,-3.794819437658621E-002,
3.663018600000000E+009,7.265882491684840E-001,-4.102133088015372E-001,
3.672018400000000E+009,4.558249587935938E-001,-6.947841737033723E-001,
3.681018200000000E+009,7.939167092498552E-002,-8.248550185169421E-001,
3.690018000000000E+009,-3.178788510088019E-001,-7.638246249595753E-001,
3.699017800000000E+009,-6.428345514028386E-001,-5.203360961962323E-001,
3.708017600000000E+009,-8.145612212750680E-001,-1.513610501429044E-001,
3.717017400000000E+009,-7.900743780933742E-001,2.542786849180767E-001,
3.726017200000000E+009,-5.812130767190336E-001,5.959489686724521E-001,
3.735017000000000E+009,-2.402677615488209E-001,7.992302552618980E-001,
3.744016800000000E+009,1.475332219610466E-001,8.236801525769965E-001,
3.753016600000000E+009,5.003220141079170E-001,6.716220277596092E-001,
3.762016400000000E+009,7.450989129370121E-001,3.798270683692364E-001,
3.771016200000000E+009,8.356104901846410E-001,8.672555829797304E-003,
3.780016000000000E+009,7.478689008573909E-001,-3.648236241380387E-001,
3.789015800000000E+009,4.980773972669601E-001,-6.619799376176998E-001,
3.798015600000000E+009,1.338803046311137E-001,-8.147579600139404E-001,
3.807015400000000E+009,-2.658067651829442E-001,-7.788563552553228E-001,
3.816015200000000E+009,-6.045754502787771E-001,-5.558082610048817E-001,
3.825015000000000E+009,-7.982289854014809E-001,-1.980995031309564E-001,
3.834014800000000E+009,-7.980115107687938E-001,2.070520159540549E-001,
3.843014600000000E+009,-6.096320602894016E-001,5.596060460552618E-001,
3.852014400000000E+009,-2.842743976001006E-001,7.810515204214342E-001,
3.861014200000000E+009,9.886282003377524E-002,8.279071365978117E-001,
3.870014000000000E+009,4.561686118568972E-001,6.985617920470302E-001,
3.879013800000000E+009,7.179428356248692E-001,4.266938418963103E-001,
3.888013600000000E+009,8.306658809859586E-001,6.877655835027793E-002,
3.897013400000000E+009,7.722534103290160E-001,-3.047062595064199E-001,
3.906013200000000E+009,5.486234104016279E-001,-6.169848685284539E-001,
3.915013000000000E+009,2.028380208740454E-001,-7.970208052727261E-001,
3.924012800000000E+009,-1.948981735416684E-001,-7.951288178020892E-001,
3.933012600000000E+009,-5.505014335900700E-001,-6.035987516837275E-001,
3.942012400000000E+009,-7.734030003837764E-001,-2.636410964081236E-001,
3.951012200000000E+009,-8.069693558418941E-001,1.408785729570835E-001,
3.960012000000000E+009,-6.463296903030815E-001,5.096121817702008E-001,
3.969011800000000E+009,-3.386814107652810E-001,7.544320357879712E-001,
3.978011600000000E+009,4.068232970955035E-002,8.298770518864010E-001,
3.987011400000000E+009,4.051686974887893E-001,7.272863372706621E-001,
3.996011200000000E+009,6.828922224112436E-001,4.768941033090621E-001,
4.005011000000000E+009,8.220374901726993E-001,1.319540774571347E-001,
4.014010800000000E+009,7.942000314253173E-001,-2.415063002335990E-001,
4.023010600000000E+009,5.997633997088162E-001,-5.669495195799978E-001,
4.032010400000000E+009,2.750072775370392E-001,-7.721593058932297E-001,
4.041010200000000E+009,-1.172254895153494E-001,-8.059961202046334E-001,
4.050010000000000E+009,-4.861466482713164E-001,-6.494811914960867E-001,
4.059009800000000E+009,-7.397028678641227E-001,-3.319269936250806E-001,
4.068009600000000E+009,-8.084868827379057E-001,6.878011646747824E-002,
4.077009400000000E+009,-6.798556619362578E-001,4.513710198757840E-001,
4.086009200000000E+009,-3.903643942157604E-001,7.223338666765229E-001,
4.095009000000000E+009,-1.693303062375217E-002,8.266950740619561E-001,
4.104008800000000E+009,3.561013992124115E-001,7.506102400527882E-001,
4.113008600000000E+009,6.486649689669294E-001,5.212890585409064E-001,
4.122008400000000E+009,8.096285589906068E-001,1.902834369110101E-001,
4.131008200000000E+009,8.086024229990333E-001,-1.772721812658530E-001,
4.140008000000000E+009,6.449297058178546E-001,-5.113626271357896E-001,
4.149007800000000E+009,3.477755557123274E-001,-7.406278265578166E-001,
4.158007600000000E+009,-3.328141140433199E-002,-8.114391701886652E-001,
4.167007400000000E+009,-4.109413919453484E-001,-6.965397160997862E-001,
4.176007200000000E+009,-6.943808046783765E-001,-4.107544326973758E-001,
4.185007000000000E+009,-8.070604540107261E-001,-1.748479217007479E-002,
4.194006800000000E+009,-7.170202179376907E-001,3.813073099092261E-001,
4.203006600000000E+009,-4.502803668670526E-001,6.833901893774947E-001,
4.212006400000000E+009,-7.852902319486303E-002,8.203493164912526E-001,
4.221006200000000E+009,3.022296662428727E-001,7.725234393370288E-001,
4.230006000000000E+009,6.130723578438299E-001,5.618720322999514E-001,
4.239005800000000E+009,7.967078339745739E-001,2.425824356635749E-001,
4.248005600000000E+009,8.216816252791857E-001,-1.214152871434037E-001,
4.257005400000000E+009,6.858758174444950E-001,-4.623879391907345E-001,
4.266005200000000E+009,4.096521265755692E-001,-7.131611968625232E-001,
4.275005000000000E+009,4.105611215445716E-002,-8.171652020136037E-001,
4.284004800000000E+009,-3.430524162975643E-001,-7.364618265895898E-001,
4.293004600000000E+009,-6.544906374038011E-001,-4.774791269588500E-001,
4.302004400000000E+009,-8.046461717714102E-001,-9.316428871411243E-002,
4.311004200000000E+009,-7.474077794497893E-001,3.166843435455070E-001,
4.320004000000000E+009,-5.009429001949907E-001,6.444365502495426E-001,
4.329003800000000E+009,-1.369165365374983E-001,8.106988046532756E-001,
4.338003600000000E+009,2.531784482650586E-001,7.874666146286308E-001,
4.347003400000000E+009,5.795461811459829E-001,5.959211550132018E-001,
4.356003200000000E+009,7.829623302006492E-001,2.868794562154429E-001,
4.365003000000000E+009,8.308990789099479E-001,-7.448898649465592E-002,
4.374002800000000E+009,7.176407553977127E-001,-4.207920548289691E-001,
4.383002600000000E+009,4.625542944631807E-001,-6.885228369141102E-001,
4.392002400000000E+009,1.053947891681642E-001,-8.192019580590939E-001,
4.401002200000000E+009,-2.840209493315127E-001,-7.708018001187689E-001,
4.410002000000000E+009,-6.155260534250854E-001,-5.383957480757889E-001,
4.419001800000000E+009,-7.987027768656164E-001,-1.675728680568235E-001,
4.428001600000000E+009,-7.763180101754619E-001,2.496665019363615E-001,
4.437001400000000E+009,-5.527999653521265E-001,6.017949567790693E-001,
4.446001200000000E+009,-1.970179204828633E-001,7.971557504364508E-001,
4.455001000000000E+009,1.972147925433866E-001,8.018082999017923E-001,
4.464000800000000E+009,5.383026370313393E-001,6.315793289106191E-001,
4.473000600000000E+009,7.635580531814858E-001,3.371234567604313E-001,
4.482000400000000E+009,8.372530639589160E-001,-2.016349728974338E-002,
4.491000200000000E+009,7.507832764717809E-001,-3.717666136999461E-001,
4.500000000000000E+009,5.189084886946408E-001,-6.568946367344813E-001,
